REBOUND Webserver listening on http://localhost:1234 (not secure) ...
0.000000 10000 1.000000e+00 7109 7.109000e-01 2.243998e+00 7.171825e-02 1.643041e+00 5.295086e-02 5.427273e-04 -6.197204e-02 -2.995732e-01 -3.276791e-02 9.315236e-05
1.005000 10000 1.000000e+00 7108 7.108000e-01 2.245980e+00 6.266044e-02 1.647318e+00 3.777394e-02 6.294071e-04 -6.218808e-02 -2.995388e-01 -3.397414e-02 1.592662e-04
2.010000 10000 1.000000e+00 7106 7.106000e-01 2.250397e+00 5.347510e-02 1.657235e+00 2.846666e-02 2.635922e-04 -6.219721e-02 -2.995235e-01 -2.891682e-02 -1.089629e-04
3.015000 10000 1.000000e+00 7105 7.105000e-01 2.254800e+00 4.607065e-02 1.668232e+00 2.946526e-02 2.344063e-03 -6.225031e-02 -2.995148e-01 -1.830645e-02 1.456312e-03
4.005000 10000 1.000000e+00 7112 7.112000e-01 2.257024e+00 4.201214e-02 1.676969e+00 3.527182e-02 2.622007e-03 -6.223676e-02 -2.995006e-01 -3.175239e-03 1.713101e-03
5.010000 10000 1.000000e+00 7115 7.115000e-01 2.256889e+00 4.028441e-02 1.680906e+00 3.847424e-02 -3.073114e-04 -6.239658e-02 -2.994815e-01 1.530736e-02 -3.163508e-04
6.000000 10000 1.000000e+00 7117 7.117000e-01 2.257198e+00 4.159550e-02 1.684689e+00 4.027919e-02 -3.996043e-03 -6.283021e-02 -2.992211e-01 3.461366e-02 -2.988137e-03
7.005000 10000 1.000000e+00 7102 7.102000e-01 2.261667e+00 4.432653e-02 1.691602e+00 4.085728e-02 -6.653653e-03 -6.304102e-02 -2.988170e-01 6.137521e-02 -4.985093e-03
8.010000 10000 1.000000e+00 7058 7.058000e-01 2.272002e+00 4.683087e-02 1.700978e+00 4.035949e-02 -7.455741e-03 -6.319113e-02 -2.980513e-01 9.220429e-02 -5.650135e-03
9.000000 10000 1.000000e+00 6986 6.986000e-01 2.287767e+00 5.185992e-02 1.710198e+00 4.154509e-02 -6.804325e-03 -6.344953e-02 -2.967854e-01 1.235414e-01 -5.494447e-03
10.005000 10000 1.000000e+00 6872 6.872000e-01 2.307567e+00 6.372206e-02 1.714695e+00 4.593834e-02 -5.162095e-03 -6.343173e-02 -2.949452e-01 1.677058e-01 -4.648955e-03
11.010000 10000 1.000000e+00 6717 6.717000e-01 2.330449e+00 9.774265e-02 1.711827e+00 6.394950e-02 -1.832847e-03 -6.352241e-02 -2.931818e-01 2.232855e-01 -3.094435e-03
12.000000 10000 1.000000e+00 6511 6.511000e-01 2.355491e+00 1.495323e-01 1.698896e+00 1.029156e-01 6.811892e-04 -6.318931e-02 -2.904859e-01 2.783886e-01 -2.948509e-03
13.005000 10000 1.000000e+00 6386 6.386000e-01 2.378809e+00 2.177513e-01 1.684437e+00 1.506124e-01 7.664729e-04 -6.277897e-02 -2.876201e-01 3.257983e-01 -3.452443e-03
14.010000 10000 1.000000e+00 6320 6.320000e-01 2.409888e+00 2.947481e-01 1.673562e+00 2.213122e-01 6.604802e-04 -6.292067e-02 -2.850612e-01 3.545472e-01 -3.833384e-03
15.000000 10000 1.000000e+00 6243 6.243000e-01 2.449344e+00 3.738594e-01 1.657447e+00 2.708138e-01 1.552687e-03 -6.231559e-02 -2.838488e-01 3.671816e-01 -4.031209e-03
16.005000 10000 1.000000e+00 6172 6.172000e-01 2.506627e+00 4.587545e-01 1.638699e+00 3.301819e-01 1.027999e-03 -6.212784e-02 -2.825156e-01 3.677212e-01 -3.087271e-03
17.010000 10000 1.000000e+00 6153 6.153000e-01 2.582132e+00 5.475520e-01 1.626592e+00 3.859317e-01 4.424737e-03 -6.174077e-02 -2.814198e-01 3.614506e-01 -1.624391e-03
18.000000 10000 1.000000e+00 6105 6.105000e-01 2.679022e+00 6.393776e-01 1.608884e+00 4.271766e-01 1.169369e-02 -5.913584e-02 -2.806087e-01 3.427935e-01 -3.187186e-04
19.005000 10000 1.000000e+00 6105 6.105000e-01 2.801719e+00 7.360801e-01 1.596741e+00 4.675203e-01 1.534003e-02 -5.912444e-02 -2.798161e-01 3.035541e-01 5.762794e-04
20.010000 10000 1.000000e+00 6047 6.047000e-01 2.943213e+00 8.334330e-01 1.575574e+00 5.091738e-01 1.996722e-02 -5.892503e-02 -2.796400e-01 2.452393e-01 8.237370e-04
21.000000 9999 9.999000e-01 6033 6.033000e-01 3.066463e+00 9.285545e-01 1.564286e+00 5.406924e-01 1.931750e-02 -5.912745e-02 -2.796176e-01 1.704531e-01 -5.870184e-04
22.005000 9998 9.998000e-01 6043 6.043000e-01 3.178535e+00 1.018414e+00 1.559977e+00 5.413278e-01 1.974211e-02 -6.023940e-02 -2.795030e-01 8.267082e-02 -1.461516e-03
23.010000 9997 9.997000e-01 6032 6.032000e-01 3.282381e+00 1.107676e+00 1.553642e+00 5.404158e-01 1.648871e-02 -6.077392e-02 -2.795766e-01 -1.455325e-02 -2.497397e-03
24.000000 9997 9.997000e-01 6029 6.029000e-01 3.420454e+00 1.198779e+00 1.551555e+00 5.800646e-01 7.575223e-03 -6.037676e-02 -2.798407e-01 -1.098660e-01 -3.887577e-03
25.005000 9997 9.997000e-01 6029 6.029000e-01 3.564449e+00 1.290613e+00 1.549476e+00 5.880935e-01 4.297064e-03 -6.012448e-02 -2.804680e-01 -2.019480e-01 -5.008739e-03
26.010000 9997 9.997000e-01 6095 6.095000e-01 3.711853e+00 1.381758e+00 1.562753e+00 5.947883e-01 2.689116e-03 -5.993765e-02 -2.812082e-01 -2.886404e-01 -5.902705e-03
27.000000 9997 9.997000e-01 6141 6.141000e-01 3.860275e+00 1.470841e+00 1.576593e+00 6.174243e-01 1.696579e-03 -5.989949e-02 -2.812325e-01 -3.691215e-01 -6.964516e-03
28.005000 9995 9.995000e-01 6198 6.198000e-01 3.942135e+00 1.494556e+00 1.592997e+00 6.033439e-01 4.580944e-04 -6.037860e-02 -2.811730e-01 -4.466685e-01 -2.666409e-03
29.010000 9995 9.995000e-01 6253 6.253000e-01 4.087366e+00 1.576156e+00 1.610714e+00 5.988803e-01 -3.296147e-03 -6.039166e-02 -2.812508e-01 -5.176367e-01 -3.013781e-03
30.000000 9995 9.995000e-01 6197 6.197000e-01 4.232150e+00 1.655954e+00 1.609730e+00 5.691032e-01 -6.314540e-03 -6.037810e-02 -2.814066e-01 -5.818517e-01 -3.487352e-03
31.005000 9995 9.995000e-01 6157 6.157000e-01 4.380485e+00 1.736435e+00 1.608634e+00 5.879780e-01 -4.871187e-03 -6.029687e-02 -2.805294e-01 -6.484987e-01 -3.975188e-03
32.010000 9995 9.995000e-01 6116 6.116000e-01 4.529143e+00 1.816457e+00 1.601063e+00 5.607946e-01 -8.053002e-03 -6.022618e-02 -2.800048e-01 -7.186900e-01 -4.219932e-03
33.000000 9993 9.993000e-01 6034 6.034000e-01 4.641872e+00 1.847375e+00 1.581937e+00 5.450900e-01 -3.392768e-03 -6.026076e-02 -2.795259e-01 -7.905815e-01 -7.506536e-03
34.005000 9993 9.993000e-01 5992 5.992000e-01 4.790638e+00 1.924674e+00 1.565076e+00 5.189778e-01 -5.093330e-03 -6.023002e-02 -2.779667e-01 -8.637485e-01 -8.294734e-03
35.010000 9993 9.993000e-01 5962 5.962000e-01 4.940891e+00 2.001720e+00 1.554348e+00 5.396166e-01 -7.125379e-03 -6.018043e-02 -2.764083e-01 -9.381141e-01 -1.006149e-02
36.000000 9992 9.992000e-01 5957 5.957000e-01 5.071679e+00 2.074124e+00 1.552871e+00 4.974030e-01 -1.178047e-02 -6.013448e-02 -2.749326e-01 -1.016312e+00 -1.137730e-02
37.005000 9991 9.991000e-01 5949 5.949000e-01 5.206018e+00 2.144853e+00 1.550809e+00 5.148275e-01 -1.421684e-02 -6.013629e-02 -2.742110e-01 -1.098080e+00 -1.214339e-02
38.010000 9990 9.990000e-01 5952 5.952000e-01 5.335790e+00 2.216632e+00 1.552089e+00 5.319170e-01 -1.577482e-02 -6.015125e-02 -2.732270e-01 -1.178773e+00 -1.246382e-02
39.000000 9990 9.990000e-01 5950 5.950000e-01 5.482063e+00 2.291167e+00 1.551176e+00 5.501822e-01 -1.755013e-02 -6.009650e-02 -2.718623e-01 -1.258948e+00 -1.385162e-02
40.005000 9989 9.989000e-01 5907 5.907000e-01 5.607530e+00 2.366541e+00 1.544440e+00 5.699393e-01 -1.776207e-02 -6.010193e-02 -2.710928e-01 -1.340245e+00 -1.554942e-02
41.010000 9987 9.987000e-01 5869 5.869000e-01 5.719304e+00 2.407493e+00 1.540524e+00 5.892721e-01 -1.735182e-02 -5.998383e-02 -2.706511e-01 -1.413006e+00 -1.181504e-02
42.000000 9986 9.986000e-01 5830 5.830000e-01 5.840864e+00 2.479599e+00 1.543178e+00 6.083505e-01 -1.579930e-02 -5.978826e-02 -2.713201e-01 -1.479323e+00 -1.181709e-02
43.005000 9985 9.985000e-01 5816 5.816000e-01 5.968815e+00 2.539861e+00 1.551002e+00 6.267546e-01 -1.532629e-02 -5.967485e-02 -2.717864e-01 -1.540502e+00 -9.885896e-03
44.010000 9983 9.983000e-01 5759 5.759000e-01 6.076966e+00 2.603903e+00 1.551474e+00 6.470115e-01 -1.676587e-02 -5.970621e-02 -2.724391e-01 -1.602067e+00 -9.534012e-03
45.000000 9981 9.981000e-01 5724 5.724000e-01 6.185143e+00 2.657647e+00 1.551202e+00 6.626372e-01 -1.648722e-02 -5.970548e-02 -2.723127e-01 -1.664822e+00 -7.530482e-03
46.005000 9981 9.981000e-01 5683 5.683000e-01 6.318284e+00 2.728986e+00 1.547055e+00 5.885931e-01 -1.223370e-02 -5.965509e-02 -2.715636e-01 -1.733320e+00 -7.666987e-03
47.010000 9977 9.977000e-01 5649 5.649000e-01 6.385686e+00 2.764205e+00 1.538754e+00 6.026080e-01 -1.107845e-02 -5.967120e-02 -2.693031e-01 -1.817337e+00 -7.359093e-03
48.000000 9977 9.977000e-01 5651 5.651000e-01 6.509604e+00 2.832869e+00 1.538363e+00 6.156925e-01 -1.243321e-02 -5.962660e-02 -2.680087e-01 -1.908879e+00 -7.810689e-03
49.005000 9976 9.976000e-01 5613 5.613000e-01 6.623553e+00 2.874559e+00 1.531319e+00 6.314793e-01 -1.384290e-02 -5.958446e-02 -2.662314e-01 -2.012744e+00 -4.531040e-03
50.010000 9975 9.975000e-01 5594 5.594000e-01 6.732613e+00 2.934084e+00 1.525573e+00 6.461127e-01 -1.462927e-02 -5.959212e-02 -2.653097e-01 -2.121592e+00 -7.163993e-03
51.000000 9973 9.973000e-01 5584 5.584000e-01 6.815146e+00 2.992440e+00 1.527907e+00 6.572932e-01 -1.560434e-02 -5.956877e-02 -2.636790e-01 -2.237044e+00 -5.263892e-03
52.005000 9970 9.970000e-01 5558 5.558000e-01 6.894172e+00 3.055508e+00 1.526935e+00 6.731693e-01 -1.572619e-02 -5.956971e-02 -2.626215e-01 -2.344286e+00 -2.836256e-03
53.010000 9970 9.970000e-01 5581 5.581000e-01 7.010425e+00 3.122990e+00 1.534871e+00 6.521638e-01 -1.277784e-02 -5.950813e-02 -2.619589e-01 -2.455210e+00 -2.423568e-03
54.000000 9970 9.970000e-01 5602 5.602000e-01 7.124374e+00 3.189314e+00 1.547515e+00 6.638060e-01 -1.242487e-02 -5.948884e-02 -2.609350e-01 -2.565290e+00 -1.966166e-03
55.005000 9966 9.966000e-01 5592 5.592000e-01 7.173265e+00 3.248956e+00 1.557104e+00 6.777177e-01 -1.251022e-02 -5.955544e-02 -2.602778e-01 -2.682823e+00 -1.900047e-03
56.010000 9964 9.964000e-01 5596 5.596000e-01 7.274585e+00 3.290431e+00 1.566100e+00 7.000713e-01 -1.195735e-02 -5.961915e-02 -2.596128e-01 -2.791346e+00 -6.937077e-03
57.000000 9963 9.963000e-01 5583 5.583000e-01 7.374017e+00 3.355772e+00 1.566834e+00 4.866022e-01 -5.255938e-03 -5.968200e-02 -2.595739e-01 -2.894874e+00 -7.033384e-03
58.005000 9957 9.957000e-01 5535 5.535000e-01 7.410415e+00 3.396527e+00 1.558629e+00 4.959272e-01 -5.740680e-03 -5.973274e-02 -2.588766e-01 -2.996990e+00 -7.948625e-04
59.010000 9955 9.955000e-01 5505 5.505000e-01 7.505908e+00 3.438458e+00 1.556722e+00 5.057395e-01 -4.754213e-03 -5.974523e-02 -2.576531e-01 -3.100985e+00 3.330304e-03
60.000000 9949 9.949000e-01 5410 5.410000e-01 7.566134e+00 3.459546e+00 1.539971e+00 5.178726e-01 -4.599870e-03 -5.977239e-02 -2.567678e-01 -3.196550e+00 -5.180127e-03
61.005000 9943 9.943000e-01 5366 5.366000e-01 7.620417e+00 3.490619e+00 1.533116e+00 5.295159e-01 -4.438434e-03 -5.974292e-02 -2.580519e-01 -3.281412e+00 -3.253035e-03
62.010000 9937 9.937000e-01 5386 5.386000e-01 7.685714e+00 3.483326e+00 1.538378e+00 5.377368e-01 -5.127061e-03 -5.986359e-02 -2.605383e-01 -3.357752e+00 1.211662e-03
63.000000 9933 9.933000e-01 5345 5.345000e-01 7.762331e+00 3.513444e+00 1.542431e+00 5.477235e-01 -5.842327e-03 -5.979397e-02 -2.625676e-01 -3.424886e+00 -2.254626e-03
64.005000 9922 9.922000e-01 5354 5.354000e-01 7.750008e+00 3.541725e+00 1.548148e+00 5.560310e-01 -6.648873e-03 -5.988303e-02 -2.623285e-01 -3.491054e+00 -3.917984e-03
65.010000 9916 9.916000e-01 5278 5.278000e-01 7.829685e+00 3.530755e+00 1.538341e+00 5.683923e-01 -8.287894e-03 -5.988609e-02 -2.625786e-01 -3.566568e+00 -1.074403e-02
66.000000 9906 9.906000e-01 5225 5.225000e-01 7.876534e+00 3.479061e+00 1.524243e+00 1.447237e-01 -1.927596e-03 -5.988545e-02 -2.624604e-01 -3.638830e+00 -5.375233e-03
67.005000 9901 9.901000e-01 5167 5.167000e-01 7.928335e+00 3.492867e+00 1.501937e+00 1.459816e-01 -8.218475e-04 -5.991434e-02 -2.613113e-01 -3.707695e+00 -8.916624e-03
68.010000 9895 9.895000e-01 5194 5.194000e-01 7.958522e+00 3.509721e+00 1.504389e+00 1.454601e-01 -1.843313e-04 -5.991396e-02 -2.624282e-01 -3.781117e+00 -6.971050e-03
69.015000 9889 9.889000e-01 5260 5.260000e-01 8.002528e+00 3.520019e+00 1.511270e+00 1.476755e-01 8.411387e-04 -5.997101e-02 -2.644381e-01 -3.838985e+00 -1.813856e-02
70.005000 9883 9.883000e-01 5277 5.277000e-01 8.047065e+00 3.531082e+00 1.512014e+00 1.131718e-01 -6.740452e-04 -5.999179e-02 -2.656940e-01 -3.893204e+00 -2.472501e-02
71.010000 9873 9.873000e-01 5264 5.264000e-01 8.062537e+00 3.488865e+00 1.512852e+00 1.128727e-01 -1.978552e-03 -6.004050e-02 -2.660442e-01 -3.941447e+00 -2.554753e-02
72.015000 9866 9.866000e-01 5181 5.181000e-01 8.110702e+00 3.462308e+00 1.508216e+00 1.132455e-01 -2.206792e-03 -6.006657e-02 -2.656759e-01 -4.009077e+00 -2.716032e-02
73.005000 9859 9.859000e-01 5201 5.201000e-01 8.139311e+00 3.488021e+00 1.511773e+00 1.074099e-01 -4.457759e-03 -6.011377e-02 -2.660427e-01 -4.071445e+00 -2.524186e-02
74.010000 9849 9.849000e-01 5216 5.216000e-01 8.119759e+00 3.507713e+00 1.508387e+00 1.047466e-01 -4.377977e-03 -6.007547e-02 -2.645999e-01 -4.137946e+00 -2.820275e-02
75.015000 9841 9.841000e-01 5199 5.199000e-01 8.121574e+00 3.483375e+00 1.507466e+00 1.020243e-01 -4.145500e-03 -6.011084e-02 -2.638309e-01 -4.216624e+00 -1.747551e-02
76.005000 9826 9.826000e-01 5229 5.229000e-01 8.056032e+00 3.467530e+00 1.508912e+00 9.720466e-02 -2.723261e-03 -6.012449e-02 -2.611899e-01 -4.292783e+00 -2.636230e-02
77.010000 9817 9.817000e-01 5280 5.280000e-01 8.044004e+00 3.450807e+00 1.509039e+00 1.032839e-01 -8.095771e-04 -6.010386e-02 -2.608215e-01 -4.365103e+00 -2.292355e-02
78.015000 9807 9.807000e-01 5282 5.282000e-01 8.007196e+00 3.453863e+00 1.503001e+00 1.050507e-01 1.596794e-03 -6.008075e-02 -2.603050e-01 -4.445056e+00 -1.951776e-02
79.005000 9794 9.794000e-01 5295 5.295000e-01 7.963096e+00 3.363025e+00 1.510835e+00 1.068214e-01 2.259165e-03 -5.804465e-02 -2.618638e-01 -4.521726e+00 -1.640425e-02
80.010000 9780 9.780000e-01 5363 5.363000e-01 7.883206e+00 3.308880e+00 1.520871e+00 1.093813e-01 1.477783e-03 -5.790567e-02 -2.610021e-01 -4.583846e+00 -2.235208e-02
81.015000 9765 9.765000e-01 5355 5.355000e-01 7.801628e+00 3.233800e+00 1.525004e+00 1.123901e-01 -4.384172e-04 -5.787285e-02 -2.608391e-01 -4.670923e+00 -1.280572e-02
82.005000 9761 9.761000e-01 5313 5.313000e-01 7.845775e+00 3.225535e+00 1.525185e+00 1.107714e-01 -1.514278e-03 -5.791372e-02 -2.618046e-01 -4.749564e+00 -2.766854e-03
83.010000 9754 9.754000e-01 5282 5.282000e-01 7.855600e+00 3.152562e+00 1.526158e+00 1.328055e-01 -2.891770e-03 -5.989092e-02 -2.616180e-01 -4.825816e+00 -5.755877e-03
84.015000 9750 9.750000e-01 5263 5.263000e-01 7.894760e+00 3.104078e+00 1.519211e+00 1.321800e-01 -4.024594e-03 -5.993138e-02 -2.611491e-01 -4.909274e+00 -9.127515e-03
85.005000 9744 9.744000e-01 5242 5.242000e-01 7.890075e+00 3.114935e+00 1.510107e+00 1.361195e-01 -5.784170e-03 -5.998666e-02 -2.602251e-01 -4.989819e+00 -8.936181e-03
86.010000 9739 9.739000e-01 5270 5.270000e-01 7.915730e+00 3.116391e+00 1.509871e+00 1.430597e-01 -6.317981e-03 -5.995824e-02 -2.583796e-01 -5.074280e+00 -1.354226e-02
87.015000 9729 9.729000e-01 5253 5.253000e-01 7.868032e+00 3.043691e+00 1.510731e+00 1.436875e-01 -5.299874e-03 -5.996652e-02 -2.589979e-01 -5.142381e+00 -3.104288e-02
88.005000 9724 9.724000e-01 5239 5.239000e-01 7.883982e+00 3.042207e+00 1.516608e+00 1.405605e-01 -3.668833e-03 -5.987415e-02 -2.613094e-01 -5.227357e+00 -2.736101e-02
89.010000 9720 9.720000e-01 5305 5.305000e-01 7.927620e+00 2.988341e+00 1.532814e+00 1.385055e-01 -2.695262e-03 -5.983935e-02 -2.633535e-01 -5.297733e+00 -2.507504e-02
90.015000 9714 9.714000e-01 5282 5.282000e-01 7.933011e+00 2.962714e+00 1.534748e+00 1.353390e-01 -3.696795e-03 -5.982416e-02 -2.648331e-01 -5.355918e+00 -3.118677e-02
91.005000 9708 9.708000e-01 5251 5.251000e-01 7.928095e+00 2.903645e+00 1.531096e+00 1.338461e-01 -3.070540e-03 -5.981918e-02 -2.644406e-01 -5.422817e+00 -3.606255e-02
92.010000 9707 9.707000e-01 5234 5.234000e-01 7.978029e+00 2.924020e+00 1.523339e+00 1.382816e-01 -3.431843e-03 -5.982948e-02 -2.629116e-01 -5.504710e+00 -3.921148e-02
93.015000 9701 9.701000e-01 5259 5.259000e-01 7.979818e+00 2.893233e+00 1.530301e+00 1.439664e-01 -3.998979e-03 -5.983468e-02 -2.619043e-01 -5.590314e+00 -3.823150e-02
94.005000 9695 9.695000e-01 5243 5.243000e-01 7.971884e+00 2.888732e+00 1.527554e+00 1.527485e-01 -2.898769e-03 -5.979034e-02 -2.609370e-01 -5.669181e+00 -3.599592e-02
95.010000 9690 9.690000e-01 5195 5.195000e-01 7.990628e+00 2.789039e+00 1.526053e+00 2.065534e-01 -3.608146e-03 -5.976765e-02 -2.591776e-01 -5.773595e+00 -3.400418e-02
96.015000 9682 9.682000e-01 5268 5.268000e-01 7.938843e+00 2.777390e+00 1.537667e+00 1.939216e-01 -1.536198e-03 -5.976705e-02 -2.590241e-01 -5.860694e+00 -3.160914e-02
97.005000 9677 9.677000e-01 5255 5.255000e-01 7.920013e+00 2.777705e+00 1.539182e+00 1.944721e-01 -8.362046e-04 -5.973759e-02 -2.595227e-01 -5.949884e+00 -2.867007e-02
98.010000 9666 9.666000e-01 5258 5.258000e-01 7.844271e+00 2.707279e+00 1.546447e+00 1.861096e-01 -7.429068e-04 -5.971291e-02 -2.602241e-01 -6.041035e+00 -3.633595e-02
99.015000 9660 9.660000e-01 5267 5.267000e-01 7.814223e+00 2.704271e+00 1.551330e+00 1.738150e-01 -1.316878e-03 -5.966161e-02 -2.609872e-01 -6.114793e+00 -2.948489e-02
100.005000 9656 9.656000e-01 5230 5.230000e-01 7.811595e+00 2.705717e+00 1.545381e+00 1.735949e-01 -1.224862e-03 -5.965414e-02 -2.584513e-01 -6.197667e+00 -3.323321e-02
101.010000 9653 9.653000e-01 5226 5.226000e-01 7.815075e+00 2.718091e+00 1.538894e+00 1.745208e-01 -1.289466e-03 -5.968190e-02 -2.570267e-01 -6.293914e+00 -3.316973e-02
102.015000 9650 9.650000e-01 5244 5.244000e-01 7.815724e+00 2.709196e+00 1.543163e+00 1.734597e-01 -1.160240e-03 -5.965378e-02 -2.573556e-01 -6.390969e+00 -3.916937e-02
103.005000 9642 9.642000e-01 5152 5.152000e-01 7.799641e+00 2.605851e+00 1.535242e+00 1.759996e-01 -8.755483e-04 -5.957803e-02 -2.567138e-01 -6.480270e+00 -3.007418e-02
104.010000 9633 9.633000e-01 5082 5.082000e-01 7.750896e+00 2.547039e+00 1.522969e+00 1.771325e-01 -1.767120e-03 -5.956480e-02 -2.568515e-01 -6.567871e+00 -3.407734e-02
105.015000 9627 9.627000e-01 5048 5.048000e-01 7.745973e+00 2.474671e+00 1.517364e+00 2.360229e-01 -1.457294e-04 -5.953474e-02 -2.565738e-01 -6.655338e+00 -2.426553e-02
106.005000 9622 9.622000e-01 5047 5.047000e-01 7.722228e+00 2.456742e+00 1.523457e+00 2.341797e-01 7.463487e-04 -5.953564e-02 -2.584123e-01 -6.741994e+00 -2.811310e-02
Pause.
