REBOUND Webserver listening on http://localhost:1234 (not secure) ...
0.000000 10000 1.000000e+00 7109 7.109000e-01 2.243998e+00 7.171825e-02 1.643041e+00 5.295086e-02 5.427273e-04 -6.193379e-02 -2.995732e-01 -3.276791e-02 9.315236e-05
1.005000 10000 1.000000e+00 7108 7.108000e-01 2.245975e+00 6.266539e-02 1.647308e+00 3.779053e-02 1.487809e-04 -6.210540e-02 -2.995932e-01 -3.399611e-02 -1.895528e-04
2.010000 10000 1.000000e+00 7107 7.107000e-01 2.250414e+00 5.350387e-02 1.657395e+00 2.854405e-02 -2.020707e-03 -6.213258e-02 -2.996249e-01 -2.888730e-02 -1.726745e-03
3.015000 10000 1.000000e+00 7105 7.105000e-01 2.254861e+00 4.638972e-02 1.668375e+00 3.009037e-02 -5.391883e-03 -6.214171e-02 -2.996588e-01 -1.792427e-02 -4.021020e-03
4.005000 10000 1.000000e+00 7119 7.119000e-01 2.256889e+00 4.241400e-02 1.677931e+00 3.553098e-02 -7.906684e-03 -6.215765e-02 -2.996311e-01 -2.416011e-03 -5.510745e-03
5.010000 10000 1.000000e+00 7128 7.128000e-01 2.256178e+00 4.130009e-02 1.682211e+00 3.899462e-02 -8.136547e-03 -6.229596e-02 -2.996054e-01 1.603656e-02 -4.997710e-03
6.000000 10000 1.000000e+00 7128 7.128000e-01 2.255566e+00 4.309298e-02 1.685663e+00 4.060922e-02 -5.367455e-03 -6.242821e-02 -2.997290e-01 3.333567e-02 -1.772577e-03
7.005000 10000 1.000000e+00 7121 7.121000e-01 2.258533e+00 4.728981e-02 1.695154e+00 4.140217e-02 -2.010089e-04 -6.218064e-02 -2.999957e-01 5.406645e-02 3.986772e-03
8.010000 10000 1.000000e+00 7077 7.077000e-01 2.265619e+00 5.263147e-02 1.707439e+00 4.081016e-02 8.324213e-03 -6.201856e-02 -3.001621e-01 7.710316e-02 1.347274e-02
9.000000 10000 1.000000e+00 7030 7.030000e-01 2.274228e+00 6.036442e-02 1.722022e+00 4.230122e-02 2.182334e-02 -6.208961e-02 -3.002575e-01 9.767889e-02 2.778070e-02
10.005000 10000 1.000000e+00 6939 6.939000e-01 2.281853e+00 6.905477e-02 1.728836e+00 4.474060e-02 4.212063e-02 -6.206459e-02 -3.002141e-01 1.199118e-01 4.828531e-02
11.010000 10000 1.000000e+00 6805 6.805000e-01 2.286920e+00 7.760421e-02 1.724133e+00 4.771956e-02 7.040477e-02 -6.211701e-02 -3.001049e-01 1.442770e-01 7.570643e-02
12.000000 10000 1.000000e+00 6687 6.687000e-01 2.288359e+00 8.574586e-02 1.713450e+00 5.167120e-02 1.074762e-01 -6.220382e-02 -3.000889e-01 1.758503e-01 1.105473e-01
13.005000 10000 1.000000e+00 6594 6.594000e-01 2.286293e+00 9.313983e-02 1.698088e+00 5.564284e-02 1.581291e-01 -6.199287e-02 -2.998855e-01 2.116362e-01 1.561122e-01
14.010000 10000 1.000000e+00 6524 6.524000e-01 2.281586e+00 1.011869e-01 1.679246e+00 6.294030e-02 2.268564e-01 -6.166003e-02 -2.992245e-01 2.423573e-01 2.163042e-01
15.000000 10000 1.000000e+00 6495 6.495000e-01 2.275172e+00 1.107036e-01 1.662762e+00 7.207829e-02 3.147975e-01 -6.163263e-02 -2.986109e-01 2.663807e-01 2.924116e-01
16.005000 10000 1.000000e+00 6475 6.475000e-01 2.269588e+00 1.225967e-01 1.647755e+00 8.170381e-02 4.215226e-01 -6.160615e-02 -2.985058e-01 2.893502e-01 3.857972e-01
17.010000 10000 1.000000e+00 6433 6.433000e-01 2.270259e+00 1.359032e-01 1.633073e+00 8.852010e-02 5.353742e-01 -6.147156e-02 -2.976045e-01 3.139824e-01 4.888783e-01
18.000000 10000 1.000000e+00 6409 6.409000e-01 2.279036e+00 1.474381e-01 1.625570e+00 8.960298e-02 6.472171e-01 -6.136909e-02 -2.964776e-01 3.289207e-01 5.916094e-01
19.005000 10000 1.000000e+00 6386 6.386000e-01 2.294664e+00 1.561995e-01 1.623485e+00 8.843925e-02 7.572881e-01 -6.123972e-02 -2.954830e-01 3.186210e-01 6.947317e-01
20.010000 10000 1.000000e+00 6336 6.336000e-01 2.315640e+00 1.615480e-01 1.619437e+00 8.430114e-02 8.630768e-01 -6.120159e-02 -2.948426e-01 2.820209e-01 7.960540e-01
21.000000 10000 1.000000e+00 6343 6.343000e-01 2.339367e+00 1.632618e-01 1.624273e+00 8.178364e-02 9.605460e-01 -6.124729e-02 -2.943193e-01 2.286407e-01 8.937812e-01
22.005000 10000 1.000000e+00 6344 6.344000e-01 2.364767e+00 1.626434e-01 1.624571e+00 8.170568e-02 1.055516e+00 -6.125331e-02 -2.935587e-01 1.588756e-01 9.915135e-01
23.010000 10000 1.000000e+00 6378 6.378000e-01 2.391040e+00 1.609713e-01 1.626203e+00 8.588453e-02 1.145445e+00 -6.125843e-02 -2.930329e-01 7.089294e-02 1.088822e+00
24.000000 10000 1.000000e+00 6419 6.419000e-01 2.417669e+00 1.594580e-01 1.626015e+00 9.008590e-02 1.231687e+00 -6.128695e-02 -2.934147e-01 -2.393002e-02 1.184819e+00
25.005000 10000 1.000000e+00 6433 6.433000e-01 2.445217e+00 1.587988e-01 1.620086e+00 9.115331e-02 1.318969e+00 -6.125292e-02 -2.942566e-01 -1.150981e-01 1.282295e+00
26.010000 10000 1.000000e+00 6462 6.462000e-01 2.473649e+00 1.595901e-01 1.619896e+00 9.240222e-02 1.405784e+00 -6.120289e-02 -2.953202e-01 -1.922110e-01 1.379025e+00
27.000000 10000 1.000000e+00 6505 6.505000e-01 2.502327e+00 1.622676e-01 1.626606e+00 9.080144e-02 1.491203e+00 -6.119178e-02 -2.962070e-01 -2.535660e-01 1.473253e+00
28.005000 10000 1.000000e+00 6491 6.491000e-01 2.531152e+00 1.672575e-01 1.625867e+00 9.231811e-02 1.576007e+00 -6.124176e-02 -2.968076e-01 -3.020419e-01 1.567709e+00
29.010000 10000 1.000000e+00 6463 6.463000e-01 2.558729e+00 1.735253e-01 1.623600e+00 9.367778e-02 1.659557e+00 -6.130011e-02 -2.968932e-01 -3.435302e-01 1.660561e+00
30.000000 10000 1.000000e+00 6453 6.453000e-01 2.584505e+00 1.801652e-01 1.623352e+00 9.414821e-02 1.740763e+00 -6.134950e-02 -2.967276e-01 -3.859788e-01 1.750012e+00
31.005000 10000 1.000000e+00 6410 6.410000e-01 2.609123e+00 1.873762e-01 1.615262e+00 9.067623e-02 1.821605e+00 -6.137192e-02 -2.963278e-01 -4.335873e-01 1.838399e+00
32.010000 10000 1.000000e+00 6403 6.403000e-01 2.631993e+00 1.953076e-01 1.612564e+00 8.928797e-02 1.899928e+00 -6.138198e-02 -2.957498e-01 -4.907040e-01 1.924294e+00
33.000000 10000 1.000000e+00 6407 6.407000e-01 2.653041e+00 2.034523e-01 1.610272e+00 8.823048e-02 1.976223e+00 -6.137085e-02 -2.953556e-01 -5.562381e-01 2.006920e+00
34.005000 10000 1.000000e+00 6428 6.428000e-01 2.673319e+00 2.116495e-01 1.611548e+00 8.751096e-02 2.053772e+00 -6.135604e-02 -2.951285e-01 -6.270490e-01 2.089078e+00
35.010000 10000 1.000000e+00 6452 6.452000e-01 2.692526e+00 2.193634e-01 1.614585e+00 8.764129e-02 2.132427e+00 -6.135694e-02 -2.950770e-01 -6.996207e-01 2.169247e+00
36.000000 10000 1.000000e+00 6474 6.474000e-01 2.710345e+00 2.265334e-01 1.617196e+00 8.886000e-02 2.207663e+00 -6.137266e-02 -2.953617e-01 -7.663814e-01 2.245602e+00
37.005000 10000 1.000000e+00 6492 6.492000e-01 2.726942e+00 2.330959e-01 1.620529e+00 8.762227e-02 2.281554e+00 -6.135901e-02 -2.957121e-01 -8.238422e-01 2.320584e+00
38.010000 10000 1.000000e+00 6495 6.495000e-01 2.742253e+00 2.390926e-01 1.623324e+00 8.634356e-02 2.355743e+00 -6.134596e-02 -2.959127e-01 -8.732753e-01 2.394011e+00
39.000000 10000 1.000000e+00 6527 6.527000e-01 2.755999e+00 2.448167e-01 1.631355e+00 8.627847e-02 2.429032e+00 -6.130487e-02 -2.959073e-01 -9.199429e-01 2.466057e+00
40.005000 10000 1.000000e+00 6518 6.518000e-01 2.768422e+00 2.502365e-01 1.631817e+00 8.734141e-02 2.505373e+00 -6.124072e-02 -2.957696e-01 -9.722422e-01 2.539587e+00
41.010000 10000 1.000000e+00 6508 6.508000e-01 2.779305e+00 2.554237e-01 1.631043e+00 8.985085e-02 2.582402e+00 -6.114546e-02 -2.957455e-01 -1.029251e+00 2.612887e+00
42.000000 10000 1.000000e+00 6477 6.477000e-01 2.788804e+00 2.604440e-01 1.626099e+00 9.104873e-02 2.657782e+00 -6.103275e-02 -2.959485e-01 -1.081570e+00 2.684065e+00
43.005000 10000 1.000000e+00 6458 6.458000e-01 2.797063e+00 2.649706e-01 1.623003e+00 9.269291e-02 2.733390e+00 -6.098680e-02 -2.960306e-01 -1.126181e+00 2.755284e+00
44.010000 10000 1.000000e+00 6436 6.436000e-01 2.803840e+00 2.691511e-01 1.619307e+00 9.171763e-02 2.806853e+00 -6.092741e-02 -2.959064e-01 -1.166950e+00 2.825578e+00
45.000000 10000 1.000000e+00 6428 6.428000e-01 2.809538e+00 2.734672e-01 1.618373e+00 9.114750e-02 2.878365e+00 -6.091462e-02 -2.954934e-01 -1.211808e+00 2.894379e+00
46.005000 10000 1.000000e+00 6436 6.436000e-01 2.815094e+00 2.778539e-01 1.622396e+00 9.042517e-02 2.949411e+00 -6.091757e-02 -2.951051e-01 -1.270896e+00 2.964471e+00
47.010000 10000 1.000000e+00 6444 6.444000e-01 2.820607e+00 2.827031e-01 1.628294e+00 9.490957e-02 3.020525e+00 -6.102285e-02 -2.951195e-01 -1.341489e+00 3.034928e+00
48.000000 10000 1.000000e+00 6445 6.445000e-01 2.825760e+00 2.873464e-01 1.632801e+00 9.759732e-02 3.090546e+00 -6.112789e-02 -2.954892e-01 -1.412659e+00 3.104376e+00
49.005000 10000 1.000000e+00 6435 6.435000e-01 2.829563e+00 2.916030e-01 1.631982e+00 9.755560e-02 3.161373e+00 -6.118822e-02 -2.956322e-01 -1.475745e+00 3.174809e+00
50.010000 10000 1.000000e+00 6421 6.421000e-01 2.831908e+00 2.954446e-01 1.628716e+00 9.791926e-02 3.232913e+00 -6.116019e-02 -2.954149e-01 -1.536660e+00 3.245809e+00
51.000000 10000 1.000000e+00 6405 6.405000e-01 2.833481e+00 2.988214e-01 1.623652e+00 9.478361e-02 3.304798e+00 -6.113401e-02 -2.949935e-01 -1.602939e+00 3.316409e+00
52.005000 10000 1.000000e+00 6355 6.355000e-01 2.835015e+00 3.020956e-01 1.613418e+00 9.262756e-02 3.376829e+00 -6.114699e-02 -2.949980e-01 -1.678326e+00 3.388216e+00
53.010000 10000 1.000000e+00 6371 6.371000e-01 2.836613e+00 3.054462e-01 1.615557e+00 9.226230e-02 3.447045e+00 -6.119322e-02 -2.951767e-01 -1.752280e+00 3.459265e+00
54.000000 10000 1.000000e+00 6404 6.404000e-01 2.837978e+00 3.089515e-01 1.621086e+00 9.403528e-02 3.514422e+00 -6.120969e-02 -2.950209e-01 -1.823134e+00 3.528438e+00
55.005000 10000 1.000000e+00 6425 6.425000e-01 2.839475e+00 3.125742e-01 1.624128e+00 9.472874e-02 3.582462e+00 -6.123042e-02 -2.948514e-01 -1.900344e+00 3.598001e+00
56.010000 10000 1.000000e+00 6448 6.448000e-01 2.841515e+00 3.162305e-01 1.626623e+00 9.535968e-02 3.650828e+00 -6.124615e-02 -2.950997e-01 -1.977908e+00 3.667424e+00
57.000000 10000 1.000000e+00 6475 6.475000e-01 2.843492e+00 3.197340e-01 1.627916e+00 9.493520e-02 3.717809e+00 -6.124381e-02 -2.954889e-01 -2.047940e+00 3.735850e+00
58.005000 10000 1.000000e+00 6456 6.456000e-01 2.844743e+00 3.233202e-01 1.620621e+00 9.532557e-02 3.785799e+00 -6.123129e-02 -2.957438e-01 -2.109495e+00 3.805041e+00
59.010000 10000 1.000000e+00 6451 6.451000e-01 2.845595e+00 3.271237e-01 1.614466e+00 9.445790e-02 3.853183e+00 -6.116483e-02 -2.957813e-01 -2.164974e+00 3.873631e+00
60.000000 10000 1.000000e+00 6443 6.443000e-01 2.847148e+00 3.312912e-01 1.610261e+00 9.395704e-02 3.920386e+00 -6.108190e-02 -2.956893e-01 -2.217128e+00 3.940745e+00
61.005000 10000 1.000000e+00 6449 6.449000e-01 2.850140e+00 3.357790e-01 1.612540e+00 9.467381e-02 3.986710e+00 -6.104678e-02 -2.954324e-01 -2.270309e+00 4.008330e+00
62.010000 10000 1.000000e+00 6437 6.437000e-01 2.854320e+00 3.405299e-01 1.615223e+00 9.509455e-02 4.052234e+00 -6.101068e-02 -2.949304e-01 -2.331656e+00 4.075015e+00
63.000000 10000 1.000000e+00 6412 6.412000e-01 2.859343e+00 3.453495e-01 1.617350e+00 9.596857e-02 4.117600e+00 -6.094925e-02 -2.948451e-01 -2.401791e+00 4.140284e+00
64.005000 9999 9.999000e-01 6438 6.438000e-01 2.828915e+00 2.627498e-01 1.627675e+00 9.586669e-02 4.182435e+00 -6.074128e-02 -2.948210e-01 -2.474107e+00 4.208571e+00
65.010000 9999 9.999000e-01 6461 6.461000e-01 2.832932e+00 2.654963e-01 1.635562e+00 9.879291e-02 4.249407e+00 -6.071949e-02 -2.948241e-01 -2.547081e+00 4.274637e+00
66.000000 9999 9.999000e-01 6441 6.441000e-01 2.836584e+00 2.675016e-01 1.634979e+00 9.867546e-02 4.316150e+00 -6.074367e-02 -2.947618e-01 -2.619899e+00 4.339859e+00
67.005000 9999 9.999000e-01 6429 6.429000e-01 2.839978e+00 2.689829e-01 1.634256e+00 9.708285e-02 4.383996e+00 -6.077339e-02 -2.946400e-01 -2.694687e+00 4.405685e+00
68.010000 9999 9.999000e-01 6428 6.428000e-01 2.843023e+00 2.705248e-01 1.633688e+00 9.865411e-02 4.451531e+00 -6.078235e-02 -2.945681e-01 -2.772974e+00 4.471174e+00
69.015000 9999 9.999000e-01 6469 6.469000e-01 2.845756e+00 2.718346e-01 1.638138e+00 9.941786e-02 4.518932e+00 -6.079029e-02 -2.948538e-01 -2.850535e+00 4.536290e+00
70.005000 9999 9.999000e-01 6429 6.429000e-01 2.847889e+00 2.725352e-01 1.626115e+00 1.008420e-01 4.584222e+00 -6.077221e-02 -2.951086e-01 -2.920523e+00 4.599859e+00
71.010000 9999 9.999000e-01 6440 6.440000e-01 2.849657e+00 2.731138e-01 1.622736e+00 9.879731e-02 4.648446e+00 -6.079061e-02 -2.952739e-01 -2.985054e+00 4.663422e+00
72.015000 9999 9.999000e-01 6417 6.417000e-01 2.851361e+00 2.738697e-01 1.614523e+00 9.731780e-02 4.711575e+00 -6.082199e-02 -2.951799e-01 -3.046981e+00 4.726482e+00
73.005000 9999 9.999000e-01 6408 6.408000e-01 2.853508e+00 2.748598e-01 1.612062e+00 9.591775e-02 4.773821e+00 -6.091100e-02 -2.949465e-01 -3.112177e+00 4.788537e+00
74.010000 9999 9.999000e-01 6405 6.405000e-01 2.856302e+00 2.761907e-01 1.612927e+00 9.621660e-02 4.837910e+00 -6.115400e-02 -2.948411e-01 -3.182863e+00 4.851618e+00
75.015000 9999 9.999000e-01 6403 6.403000e-01 2.859458e+00 2.779347e-01 1.616164e+00 9.706483e-02 4.900946e+00 -6.125822e-02 -2.947788e-01 -3.256894e+00 4.914742e+00
76.005000 9999 9.999000e-01 6408 6.408000e-01 2.862749e+00 2.800204e-01 1.621111e+00 9.817771e-02 4.963697e+00 -6.129440e-02 -2.948835e-01 -3.329727e+00 4.977412e+00
77.010000 9998 9.998000e-01 6401 6.401000e-01 2.836868e+00 2.453797e-01 1.624343e+00 9.904904e-02 5.028169e+00 -6.127455e-02 -2.948763e-01 -3.401926e+00 5.040021e+00
78.015000 9998 9.998000e-01 6365 6.365000e-01 2.839057e+00 2.468644e-01 1.622551e+00 9.960754e-02 5.092357e+00 -6.114725e-02 -2.949052e-01 -3.473134e+00 5.103729e+00
79.005000 9998 9.998000e-01 6358 6.358000e-01 2.840798e+00 2.483267e-01 1.624339e+00 9.956419e-02 5.154981e+00 -6.104576e-02 -2.948867e-01 -3.543060e+00 5.166004e+00
80.010000 9998 9.998000e-01 6381 6.381000e-01 2.842174e+00 2.494117e-01 1.629731e+00 1.010657e-01 5.218578e+00 -6.095049e-02 -2.949216e-01 -3.615267e+00 5.229175e+00
81.015000 9998 9.998000e-01 6396 6.396000e-01 2.842806e+00 2.499809e-01 1.631451e+00 1.020456e-01 5.282019e+00 -6.087896e-02 -2.949859e-01 -3.686336e+00 5.292078e+00
82.005000 9998 9.998000e-01 6411 6.411000e-01 2.842847e+00 2.498923e-01 1.631164e+00 9.981219e-02 5.344201e+00 -6.082857e-02 -2.951184e-01 -3.754674e+00 5.353741e+00
83.010000 9998 9.998000e-01 6445 6.445000e-01 2.843077e+00 2.494161e-01 1.634915e+00 9.801464e-02 5.405935e+00 -6.092148e-02 -2.952776e-01 -3.818769e+00 5.415707e+00
84.015000 9998 9.998000e-01 6445 6.445000e-01 2.843685e+00 2.494831e-01 1.633281e+00 9.838497e-02 5.466024e+00 -6.105374e-02 -2.951573e-01 -3.877068e+00 5.477045e+00
85.005000 9998 9.998000e-01 6503 6.503000e-01 2.844845e+00 2.498630e-01 1.642272e+00 1.001301e-01 5.525236e+00 -6.114088e-02 -2.949943e-01 -3.935961e+00 5.537087e+00
86.010000 9998 9.998000e-01 6496 6.496000e-01 2.846292e+00 2.501448e-01 1.640137e+00 1.007082e-01 5.586126e+00 -6.120757e-02 -2.949799e-01 -3.998239e+00 5.598139e+00
87.015000 9998 9.998000e-01 6488 6.488000e-01 2.847462e+00 2.507783e-01 1.635206e+00 1.007750e-01 5.647547e+00 -6.121832e-02 -2.950243e-01 -4.059687e+00 5.659813e+00
88.005000 9998 9.998000e-01 6473 6.473000e-01 2.848543e+00 2.519356e-01 1.627906e+00 9.947720e-02 5.708603e+00 -6.118613e-02 -2.947831e-01 -4.117075e+00 5.720858e+00
89.010000 9998 9.998000e-01 6456 6.456000e-01 2.850760e+00 2.534455e-01 1.621740e+00 1.011179e-01 5.770037e+00 -6.121751e-02 -2.943678e-01 -4.178038e+00 5.782679e+00
90.015000 9998 9.998000e-01 6411 6.411000e-01 2.855087e+00 2.547545e-01 1.615008e+00 1.006805e-01 5.831654e+00 -6.121239e-02 -2.940116e-01 -4.246772e+00 5.844491e+00
91.005000 9998 9.998000e-01 6395 6.395000e-01 2.861103e+00 2.556601e-01 1.616631e+00 1.009275e-01 5.892868e+00 -6.121321e-02 -2.940211e-01 -4.322940e+00 5.905744e+00
92.010000 9998 9.998000e-01 6386 6.386000e-01 2.867923e+00 2.563071e-01 1.619787e+00 1.024143e-01 5.955793e+00 -6.120933e-02 -2.942131e-01 -4.403516e+00 5.968449e+00
93.015000 9998 9.998000e-01 6366 6.366000e-01 2.875153e+00 2.567306e-01 1.620351e+00 1.017299e-01 6.018209e+00 -6.120574e-02 -2.945834e-01 -4.483406e+00 6.031060e+00
94.005000 9998 9.998000e-01 6349 6.349000e-01 2.882246e+00 2.568752e-01 1.620404e+00 1.029842e-01 6.078754e+00 -6.119483e-02 -2.946328e-01 -4.555060e+00 6.092107e+00
95.010000 9998 9.998000e-01 6354 6.354000e-01 2.889425e+00 2.569778e-01 1.625036e+00 1.013634e-01 6.138974e+00 -6.115274e-02 -2.943409e-01 -4.627818e+00 6.153177e+00
96.015000 9998 9.998000e-01 6377 6.377000e-01 2.896734e+00 2.575280e-01 1.631283e+00 1.026999e-01 6.199343e+00 -6.108900e-02 -2.945398e-01 -4.703352e+00 6.213633e+00
97.005000 9998 9.998000e-01 6354 6.354000e-01 2.903390e+00 2.583650e-01 1.628704e+00 1.035540e-01 6.257930e+00 -6.103374e-02 -2.943271e-01 -4.773942e+00 6.273004e+00
98.010000 9998 9.998000e-01 6349 6.349000e-01 2.909039e+00 2.590090e-01 1.627024e+00 1.053051e-01 6.317584e+00 -6.101508e-02 -2.937944e-01 -4.849608e+00 6.333390e+00
99.015000 9998 9.998000e-01 6345 6.345000e-01 2.914765e+00 2.595837e-01 1.625602e+00 1.058289e-01 6.378163e+00 -6.103860e-02 -2.937546e-01 -4.932958e+00 6.393586e+00
100.005000 9998 9.998000e-01 6354 6.354000e-01 2.920255e+00 2.598196e-01 1.625696e+00 1.038058e-01 6.437460e+00 -6.107141e-02 -2.936832e-01 -5.017919e+00 6.452480e+00
Pause.
