REBOUND Webserver listening on http://localhost:1234 (not secure) ...
0.000000 10000 1.000000e+00 7109 7.109000e-01 2.243998e+00 7.171825e-02 1.643041e+00 5.295086e-02 5.427273e-04 -6.196084e-02 -2.995732e-01 -3.276791e-02 9.315236e-05
1.005000 10000 1.000000e+00 7108 7.108000e-01 2.245954e+00 6.266583e-02 1.647287e+00 3.779308e-02 2.626239e-04 -6.216963e-02 -2.995446e-01 -3.399565e-02 -1.071582e-04
2.010000 10000 1.000000e+00 7108 7.108000e-01 2.250285e+00 5.349781e-02 1.657412e+00 2.853962e-02 -1.813837e-03 -6.218667e-02 -2.995444e-01 -2.888813e-02 -1.588209e-03
3.015000 10000 1.000000e+00 7109 7.109000e-01 2.254480e+00 4.640664e-02 1.668631e+00 3.016735e-02 -5.225321e-03 -6.219084e-02 -2.995573e-01 -1.785807e-02 -3.958096e-03
4.005000 10000 1.000000e+00 7121 7.121000e-01 2.256478e+00 4.253991e-02 1.678047e+00 3.592008e-02 -5.904116e-03 -6.221907e-02 -2.995330e-01 -2.005180e-03 -4.214231e-03
5.010000 10000 1.000000e+00 7125 7.125000e-01 2.256029e+00 4.104168e-02 1.682104e+00 3.916346e-02 -1.933051e-03 -6.235905e-02 -2.995082e-01 1.714982e-02 -7.613936e-04
6.000000 10000 1.000000e+00 7128 7.128000e-01 2.256057e+00 4.237796e-02 1.686691e+00 4.050192e-02 2.411213e-03 -6.262030e-02 -2.994893e-01 3.629848e-02 3.434806e-03
7.005000 10000 1.000000e+00 7117 7.117000e-01 2.259743e+00 4.628702e-02 1.695616e+00 4.122937e-02 5.625387e-03 -6.239607e-02 -2.994069e-01 6.044867e-02 7.782834e-03
8.010000 10000 1.000000e+00 7084 7.084000e-01 2.266840e+00 5.190244e-02 1.707497e+00 4.109907e-02 9.313824e-03 -6.256528e-02 -2.993442e-01 8.670964e-02 1.389664e-02
9.000000 10000 1.000000e+00 7024 7.024000e-01 2.275065e+00 6.010183e-02 1.717531e+00 4.277717e-02 1.682580e-02 -6.278344e-02 -2.992915e-01 1.097256e-01 2.412468e-02
10.005000 10000 1.000000e+00 6958 6.958000e-01 2.281585e+00 6.868448e-02 1.727017e+00 4.450065e-02 3.357891e-02 -6.115443e-02 -2.992596e-01 1.352880e-01 4.272631e-02
11.010000 10000 1.000000e+00 6886 6.886000e-01 2.283580e+00 7.625522e-02 1.732607e+00 4.693731e-02 6.287884e-02 -5.927849e-02 -2.992351e-01 1.677050e-01 7.196055e-02
12.000000 10000 1.000000e+00 6800 6.800000e-01 2.279837e+00 8.304477e-02 1.727652e+00 5.163152e-02 1.038408e-01 -5.803271e-02 -2.990415e-01 2.033979e-01 1.111511e-01
13.005000 10000 1.000000e+00 6755 6.755000e-01 2.270535e+00 8.782909e-02 1.717307e+00 5.556375e-02 1.568896e-01 -5.827085e-02 -2.984132e-01 2.316901e-01 1.609604e-01
14.010000 10000 1.000000e+00 6759 6.759000e-01 2.255784e+00 9.067599e-02 1.707337e+00 5.861517e-02 2.204745e-01 -5.856500e-02 -2.979562e-01 2.351677e-01 2.205396e-01
15.000000 10000 1.000000e+00 6731 6.731000e-01 2.240125e+00 9.523093e-02 1.694002e+00 6.575541e-02 2.906062e-01 -5.881922e-02 -2.974994e-01 2.175727e-01 2.890478e-01
16.005000 10000 1.000000e+00 6679 6.679000e-01 2.232309e+00 1.133135e-01 1.683244e+00 7.965949e-02 3.621245e-01 -5.863288e-02 -2.967000e-01 1.916537e-01 3.607278e-01
17.010000 10000 1.000000e+00 6675 6.675000e-01 2.233632e+00 1.452989e-01 1.675511e+00 1.155074e-01 4.351244e-01 -5.846731e-02 -2.966541e-01 1.717183e-01 4.260660e-01
18.000000 10000 1.000000e+00 6620 6.620000e-01 2.243657e+00 1.770422e-01 1.653984e+00 1.418931e-01 5.040021e-01 -5.833334e-02 -2.967643e-01 1.622313e-01 4.868287e-01
19.005000 10000 1.000000e+00 6576 6.576000e-01 2.262749e+00 2.023391e-01 1.634758e+00 1.574479e-01 5.701870e-01 -5.822361e-02 -2.967206e-01 1.540555e-01 5.458859e-01
20.010000 10000 1.000000e+00 6599 6.599000e-01 2.290324e+00 2.209330e-01 1.630746e+00 1.627215e-01 6.327144e-01 -5.815523e-02 -2.962489e-01 1.396808e-01 6.024199e-01
21.000000 10000 1.000000e+00 6556 6.556000e-01 2.324971e+00 2.369209e-01 1.622483e+00 1.491220e-01 6.922684e-01 -5.813038e-02 -2.953589e-01 1.059642e-01 6.560668e-01
22.005000 10000 1.000000e+00 6514 6.514000e-01 2.366498e+00 2.552320e-01 1.621543e+00 1.265192e-01 7.503549e-01 -5.801990e-02 -2.938968e-01 4.750793e-02 7.105068e-01
23.010000 10000 1.000000e+00 6441 6.441000e-01 2.413980e+00 2.729365e-01 1.622646e+00 1.371048e-01 8.062302e-01 -5.798952e-02 -2.922779e-01 -4.158467e-02 7.661609e-01
24.000000 10000 1.000000e+00 6355 6.355000e-01 2.465224e+00 2.884461e-01 1.626642e+00 1.460568e-01 8.620436e-01 -5.797967e-02 -2.913680e-01 -1.475753e-01 8.224915e-01
25.005000 10000 1.000000e+00 6237 6.237000e-01 2.520030e+00 3.028577e-01 1.626443e+00 1.628076e-01 9.210373e-01 -5.796935e-02 -2.916739e-01 -2.542150e-01 8.818884e-01
26.010000 10000 1.000000e+00 6169 6.169000e-01 2.575521e+00 3.167131e-01 1.633532e+00 1.540158e-01 9.820115e-01 -5.797908e-02 -2.929396e-01 -3.420584e-01 9.440019e-01
27.000000 10000 1.000000e+00 6086 6.086000e-01 2.628414e+00 3.302317e-01 1.634933e+00 1.627670e-01 1.045474e+00 -5.793693e-02 -2.943075e-01 -4.094922e-01 1.006551e+00
28.005000 10000 1.000000e+00 6060 6.060000e-01 2.677459e+00 3.431875e-01 1.640666e+00 1.664597e-01 1.107042e+00 -5.783759e-02 -2.949144e-01 -4.694739e-01 1.069542e+00
29.010000 10000 1.000000e+00 6019 6.019000e-01 2.720030e+00 3.550511e-01 1.633251e+00 1.663461e-01 1.164899e+00 -5.773694e-02 -2.947021e-01 -5.320932e-01 1.130900e+00
30.000000 10000 1.000000e+00 6054 6.054000e-01 2.755842e+00 3.656720e-01 1.630520e+00 1.649601e-01 1.217516e+00 -5.763836e-02 -2.942509e-01 -5.987042e-01 1.189066e+00
31.005000 10000 1.000000e+00 6099 6.099000e-01 2.787231e+00 3.763422e-01 1.621674e+00 1.631703e-01 1.269726e+00 -5.759111e-02 -2.943328e-01 -6.644739e-01 1.246411e+00
32.010000 10000 1.000000e+00 6155 6.155000e-01 2.814185e+00 3.877894e-01 1.610026e+00 1.645683e-01 1.318965e+00 -5.758351e-02 -2.947195e-01 -7.253148e-01 1.302407e+00
33.000000 10000 1.000000e+00 6230 6.230000e-01 2.837375e+00 3.998985e-01 1.599853e+00 1.688070e-01 1.366398e+00 -5.756145e-02 -2.949099e-01 -7.848822e-01 1.356206e+00
34.005000 10000 1.000000e+00 6293 6.293000e-01 2.858937e+00 4.123244e-01 1.594047e+00 1.722416e-01 1.413597e+00 -5.754084e-02 -2.943116e-01 -8.536460e-01 1.409708e+00
35.010000 10000 1.000000e+00 6348 6.348000e-01 2.879930e+00 4.247549e-01 1.594524e+00 1.740539e-01 1.460181e+00 -5.751973e-02 -2.935766e-01 -9.303810e-01 1.462288e+00
36.000000 10000 1.000000e+00 6424 6.424000e-01 2.900215e+00 4.372692e-01 1.603795e+00 1.758187e-01 1.506201e+00 -5.752682e-02 -2.930587e-01 -1.006547e+00 1.513382e+00
37.005000 10000 1.000000e+00 6487 6.487000e-01 2.920214e+00 4.503977e-01 1.614959e+00 1.210341e-01 1.551865e+00 -5.754037e-02 -2.928852e-01 -1.079873e+00 1.564682e+00
38.010000 10000 1.000000e+00 6532 6.532000e-01 2.939518e+00 4.636392e-01 1.627421e+00 1.232643e-01 1.599810e+00 -5.756948e-02 -2.931706e-01 -1.144790e+00 1.615188e+00
39.000000 10000 1.000000e+00 6571 6.571000e-01 2.957598e+00 4.767646e-01 1.639727e+00 1.262450e-01 1.647134e+00 -5.759267e-02 -2.934372e-01 -1.203069e+00 1.664013e+00
40.005000 10000 1.000000e+00 6558 6.558000e-01 2.974663e+00 4.900102e-01 1.643737e+00 1.292139e-01 1.694921e+00 -5.759987e-02 -2.934866e-01 -1.260544e+00 1.712684e+00
41.010000 10000 1.000000e+00 6529 6.529000e-01 2.990615e+00 5.029464e-01 1.645569e+00 1.252776e-01 1.742978e+00 -5.761560e-02 -2.936225e-01 -1.315548e+00 1.760222e+00
42.000000 10000 1.000000e+00 6487 6.487000e-01 3.005078e+00 5.158749e-01 1.645796e+00 1.215970e-01 1.788765e+00 -5.759081e-02 -2.937569e-01 -1.367850e+00 1.805796e+00
43.005000 10000 1.000000e+00 6474 6.474000e-01 3.018389e+00 5.293999e-01 1.650054e+00 1.234012e-01 1.834870e+00 -5.757962e-02 -2.938150e-01 -1.419634e+00 1.851099e+00
44.010000 10000 1.000000e+00 6412 6.412000e-01 3.030232e+00 5.433401e-01 1.644036e+00 1.250351e-01 1.879748e+00 -5.759548e-02 -2.939570e-01 -1.469891e+00 1.896170e+00
45.000000 10000 1.000000e+00 6418 6.418000e-01 3.040631e+00 5.571023e-01 1.647357e+00 1.281605e-01 1.925182e+00 -5.761383e-02 -2.942416e-01 -1.517364e+00 1.940823e+00
46.005000 10000 1.000000e+00 6385 6.385000e-01 3.050053e+00 5.707073e-01 1.644884e+00 1.285888e-01 1.971356e+00 -5.761575e-02 -2.942117e-01 -1.567578e+00 1.986209e+00
47.010000 10000 1.000000e+00 6395 6.395000e-01 3.058701e+00 5.840272e-01 1.648798e+00 1.369331e-01 2.019379e+00 -5.762031e-02 -2.941272e-01 -1.618360e+00 2.031356e+00
48.000000 10000 1.000000e+00 6395 6.395000e-01 3.066285e+00 5.970810e-01 1.649079e+00 1.368391e-01 2.063987e+00 -5.765006e-02 -2.940373e-01 -1.666279e+00 2.075729e+00
49.005000 10000 1.000000e+00 6428 6.428000e-01 3.072563e+00 6.100221e-01 1.652705e+00 1.377639e-01 2.110497e+00 -5.768334e-02 -2.944095e-01 -1.708101e+00 2.121101e+00
50.010000 10000 1.000000e+00 6465 6.465000e-01 3.076554e+00 6.227073e-01 1.651288e+00 1.354217e-01 2.156464e+00 -5.771773e-02 -2.946393e-01 -1.748067e+00 2.166515e+00
51.000000 10000 1.000000e+00 6499 6.499000e-01 3.078891e+00 6.350681e-01 1.646373e+00 1.320688e-01 2.201973e+00 -5.779003e-02 -2.950093e-01 -1.786182e+00 2.211557e+00
52.005000 9999 9.999000e-01 6516 6.516000e-01 3.051496e+00 5.734117e-01 1.639426e+00 1.264201e-01 2.247281e+00 -5.784254e-02 -2.951478e-01 -1.827338e+00 2.260388e+00
53.010000 9999 9.999000e-01 6545 6.545000e-01 3.052087e+00 5.833832e-01 1.636619e+00 1.224974e-01 2.292490e+00 -5.786222e-02 -2.952445e-01 -1.876495e+00 2.306173e+00
54.000000 9999 9.999000e-01 6567 6.567000e-01 3.053829e+00 5.935967e-01 1.637017e+00 1.194991e-01 2.335467e+00 -5.789932e-02 -2.951465e-01 -1.931907e+00 2.351007e+00
55.005000 9999 9.999000e-01 6530 6.530000e-01 3.057061e+00 6.045421e-01 1.629724e+00 1.184015e-01 2.380052e+00 -5.795315e-02 -2.951142e-01 -1.991433e+00 2.396419e+00
56.010000 9999 9.999000e-01 6496 6.496000e-01 3.061454e+00 6.156794e-01 1.626794e+00 1.225829e-01 2.421916e+00 -5.796114e-02 -2.949550e-01 -2.055209e+00 2.441135e+00
57.000000 9999 9.999000e-01 6499 6.499000e-01 3.066834e+00 6.265749e-01 1.632871e+00 1.257074e-01 2.461867e+00 -5.795597e-02 -2.947718e-01 -2.120893e+00 2.484388e+00
58.005000 9999 9.999000e-01 6471 6.471000e-01 3.072967e+00 6.373381e-01 1.634338e+00 1.336989e-01 2.503763e+00 -5.794240e-02 -2.946406e-01 -2.187572e+00 2.528378e+00
59.010000 9999 9.999000e-01 6434 6.434000e-01 3.079469e+00 6.477392e-01 1.634634e+00 1.310225e-01 2.546480e+00 -5.793815e-02 -2.946774e-01 -2.251798e+00 2.572870e+00
60.000000 9999 9.999000e-01 6407 6.407000e-01 3.085981e+00 6.578746e-01 1.635520e+00 1.294768e-01 2.588930e+00 -5.788408e-02 -2.947369e-01 -2.313497e+00 2.616319e+00
61.005000 9998 9.998000e-01 6387 6.387000e-01 3.062196e+00 6.681162e-01 1.636632e+00 1.265228e-01 2.631468e+00 -5.782807e-02 -2.946708e-01 -2.373010e+00 2.659389e+00
62.010000 9998 9.998000e-01 6376 6.376000e-01 3.067710e+00 6.780797e-01 1.638912e+00 1.280671e-01 2.672608e+00 -5.774675e-02 -2.947199e-01 -2.435914e+00 2.701631e+00
63.000000 9998 9.998000e-01 6333 6.333000e-01 3.072677e+00 6.876785e-01 1.632833e+00 1.300994e-01 2.714499e+00 -5.766170e-02 -2.946501e-01 -2.499080e+00 2.743366e+00
64.005000 9997 9.997000e-01 6328 6.328000e-01 3.047418e+00 6.905961e-01 1.632311e+00 1.298691e-01 2.758213e+00 -5.760774e-02 -2.945426e-01 -2.568584e+00 2.786853e+00
65.010000 9997 9.997000e-01 6332 6.332000e-01 3.050948e+00 7.001208e-01 1.632607e+00 1.273346e-01 2.802120e+00 -5.753373e-02 -2.946939e-01 -2.631025e+00 2.829332e+00
66.000000 9997 9.997000e-01 6333 6.333000e-01 3.053595e+00 7.093375e-01 1.629806e+00 1.267951e-01 2.843863e+00 -5.748560e-02 -2.946149e-01 -2.694020e+00 2.870783e+00
67.005000 9997 9.997000e-01 6354 6.354000e-01 3.055590e+00 7.187126e-01 1.629173e+00 1.269091e-01 2.885435e+00 -5.740605e-02 -2.944695e-01 -2.760538e+00 2.912066e+00
68.010000 9997 9.997000e-01 6336 6.336000e-01 3.057597e+00 7.281000e-01 1.622150e+00 1.278156e-01 2.925212e+00 -5.744532e-02 -2.945591e-01 -2.824456e+00 2.952690e+00
69.015000 9997 9.997000e-01 6328 6.328000e-01 3.059799e+00 7.375010e-01 1.619263e+00 1.306070e-01 2.964357e+00 -5.748541e-02 -2.945269e-01 -2.889269e+00 2.993052e+00
70.005000 9997 9.997000e-01 6360 6.360000e-01 3.061971e+00 7.466002e-01 1.624011e+00 1.336633e-01 3.005351e+00 -5.751576e-02 -2.943285e-01 -2.957196e+00 3.033371e+00
71.010000 9997 9.997000e-01 6344 6.344000e-01 3.064240e+00 7.554949e-01 1.619950e+00 1.333408e-01 3.047511e+00 -5.753027e-02 -2.938948e-01 -3.029550e+00 3.074907e+00
72.015000 9997 9.997000e-01 6385 6.385000e-01 3.067689e+00 7.643590e-01 1.626946e+00 1.332304e-01 3.090617e+00 -5.754251e-02 -2.939587e-01 -3.096251e+00 3.117256e+00
73.005000 9997 9.997000e-01 6388 6.388000e-01 3.072545e+00 7.731883e-01 1.629489e+00 1.342668e-01 3.134317e+00 -5.751408e-02 -2.940502e-01 -3.156773e+00 3.159778e+00
74.010000 9996 9.996000e-01 6404 6.404000e-01 3.047455e+00 7.754621e-01 1.635158e+00 1.359969e-01 3.178621e+00 -5.748873e-02 -2.941072e-01 -3.220197e+00 3.204428e+00
75.015000 9996 9.996000e-01 6432 6.432000e-01 3.052648e+00 7.842256e-01 1.641874e+00 1.359004e-01 3.222793e+00 -5.747505e-02 -2.943117e-01 -3.276823e+00 3.248098e+00
76.005000 9994 9.994000e-01 6411 6.411000e-01 2.993243e+00 7.190114e-01 1.638068e+00 1.320367e-01 3.264424e+00 -5.747536e-02 -2.946353e-01 -3.339390e+00 3.295006e+00
77.010000 9994 9.994000e-01 6378 6.378000e-01 2.995494e+00 7.267750e-01 1.631184e+00 1.292200e-01 3.306055e+00 -5.743851e-02 -2.944591e-01 -3.401594e+00 3.337108e+00
78.015000 9994 9.994000e-01 6406 6.406000e-01 2.998539e+00 7.348544e-01 1.635140e+00 1.306386e-01 3.347195e+00 -5.742548e-02 -2.941129e-01 -3.470305e+00 3.378682e+00
79.005000 9993 9.993000e-01 6415 6.415000e-01 2.970838e+00 7.420826e-01 1.639205e+00 1.322145e-01 3.386356e+00 -5.744667e-02 -2.937648e-01 -3.542453e+00 3.418751e+00
80.010000 9992 9.992000e-01 6412 6.412000e-01 2.946506e+00 6.694118e-01 1.641748e+00 1.304050e-01 3.427829e+00 -5.742553e-02 -2.940109e-01 -3.600517e+00 3.462851e+00
81.015000 9992 9.992000e-01 6373 6.373000e-01 2.950387e+00 6.755583e-01 1.635957e+00 1.296232e-01 3.468013e+00 -5.737782e-02 -2.942408e-01 -3.655135e+00 3.503242e+00
82.005000 9992 9.992000e-01 6354 6.354000e-01 2.954408e+00 6.810420e-01 1.632922e+00 1.248428e-01 3.507885e+00 -5.730154e-02 -2.946292e-01 -3.705127e+00 3.542900e+00
83.010000 9991 9.991000e-01 6311 6.311000e-01 2.932453e+00 6.504444e-01 1.625026e+00 1.187294e-01 3.548895e+00 -5.728631e-02 -2.948711e-01 -3.752742e+00 3.581186e+00
84.015000 9990 9.990000e-01 6288 6.288000e-01 2.890900e+00 6.435652e-01 1.620833e+00 1.179383e-01 3.591367e+00 -5.728714e-02 -2.949565e-01 -3.805126e+00 3.622905e+00
85.005000 9990 9.990000e-01 6295 6.295000e-01 2.892511e+00 6.482760e-01 1.621915e+00 1.177389e-01 3.631665e+00 -5.729377e-02 -2.947201e-01 -3.870685e+00 3.662606e+00
86.010000 9990 9.990000e-01 6291 6.291000e-01 2.893168e+00 6.532786e-01 1.619734e+00 1.236969e-01 3.670387e+00 -5.731467e-02 -2.942084e-01 -3.948772e+00 3.702728e+00
87.015000 9990 9.990000e-01 6331 6.331000e-01 2.893220e+00 6.583418e-01 1.625499e+00 1.267885e-01 3.708981e+00 -5.730657e-02 -2.931347e-01 -4.040476e+00 3.742600e+00
88.005000 9990 9.990000e-01 6333 6.333000e-01 2.893885e+00 6.631570e-01 1.625923e+00 1.261505e-01 3.747959e+00 -5.731178e-02 -2.926538e-01 -4.131302e+00 3.782166e+00
89.010000 9990 9.990000e-01 6333 6.333000e-01 2.895137e+00 6.679195e-01 1.625676e+00 1.262888e-01 3.787536e+00 -5.731446e-02 -2.928068e-01 -4.214823e+00 3.822360e+00
90.015000 9990 9.990000e-01 6340 6.340000e-01 2.896240e+00 6.729075e-01 1.625615e+00 1.287886e-01 3.827343e+00 -5.730148e-02 -2.929990e-01 -4.291991e+00 3.862214e+00
91.005000 9990 9.990000e-01 6347 6.347000e-01 2.897042e+00 6.778560e-01 1.625051e+00 1.352049e-01 3.867210e+00 -5.726854e-02 -2.926926e-01 -4.368694e+00 3.901019e+00
92.010000 9990 9.990000e-01 6368 6.368000e-01 2.898684e+00 6.826868e-01 1.629653e+00 1.367064e-01 3.906966e+00 -5.723575e-02 -2.923693e-01 -4.445626e+00 3.940359e+00
93.015000 9990 9.990000e-01 6367 6.367000e-01 2.901153e+00 6.874405e-01 1.632369e+00 1.364748e-01 3.945424e+00 -5.721793e-02 -2.924640e-01 -4.516700e+00 3.980266e+00
94.005000 9990 9.990000e-01 6380 6.380000e-01 2.903197e+00 6.919263e-01 1.635411e+00 1.532678e-01 3.984924e+00 -5.718436e-02 -2.923858e-01 -4.582718e+00 4.019851e+00
95.010000 9990 9.990000e-01 6385 6.385000e-01 2.905040e+00 6.963421e-01 1.635951e+00 1.519752e-01 4.025662e+00 -5.717494e-02 -2.927323e-01 -4.642815e+00 4.060312e+00
96.015000 9990 9.990000e-01 6402 6.402000e-01 2.906689e+00 7.008631e-01 1.636313e+00 1.562452e-01 4.067022e+00 -5.716848e-02 -2.931146e-01 -4.698117e+00 4.101174e+00
97.005000 9990 9.990000e-01 6392 6.392000e-01 2.908613e+00 7.051406e-01 1.632325e+00 1.534098e-01 4.108686e+00 -5.717011e-02 -2.935004e-01 -4.751182e+00 4.141350e+00
98.010000 9990 9.990000e-01 6402 6.402000e-01 2.910904e+00 7.093638e-01 1.633144e+00 1.516470e-01 4.148763e+00 -5.717153e-02 -2.936122e-01 -4.806790e+00 4.182058e+00
99.015000 9990 9.990000e-01 6421 6.421000e-01 2.913644e+00 7.134613e-01 1.635664e+00 1.510864e-01 4.188895e+00 -5.716403e-02 -2.936463e-01 -4.863452e+00 4.222554e+00
100.005000 9990 9.990000e-01 6412 6.412000e-01 2.917041e+00 7.176458e-01 1.634169e+00 1.461840e-01 4.228783e+00 -5.719638e-02 -2.938604e-01 -4.918485e+00 4.262411e+00
Pause.
